0 0.474587 1.461852 0.211908 0.517011
0 0.512737 0.613150 0.132512 0.315619
0 0.509877 0.505399 0.123352 0.290483
0 1.177032 0.491387 0.104977 0.292680
0 1.293087 0.517998 0.105794 0.300339
0 1.431851 0.797311 0.124873 0.369178
0 1.131067 1.860880 0.211556 0.613661
0 2.597062 1.167603 0.171802 0.454791
0 2.627882 1.693553 0.207052 0.605491
0 2.865552 0.416983 0.135933 0.289325
0 2.624299 0.305681 0.106736 0.256991
0 2.321570 0.152779 0.080936 0.216352
0 2.164317 0.119618 0.073953 0.206539
0 1.432215 0.230212 0.082261 0.229273
