0 2.377794 0.356009 0.096631 0.263808
0 0.324377 0.629475 0.145414 0.319575
0 1.124595 0.335106 0.093008 0.253388
0 2.841192 0.902536 0.169153 0.396866
0 1.020785 0.419534 0.101014 0.273369
0 1.909715 0.217100 0.076055 0.227853
0 2.336589 0.900716 0.137888 0.391445
0 0.687352 0.657897 0.129383 0.327481
0 2.693377 0.792270 0.147272 0.368206
0 2.763168 0.593400 0.137920 0.324334
0 0.961645 0.929715 0.145864 0.394489
0 2.579670 1.313077 0.182361 0.490131
0 0.535471 1.186867 0.184795 0.448491
0 0.394571 1.205266 0.193961 0.453655
0 2.188930 1.693177 0.193861 0.578166
0 1.715243 0.094716 0.069536 0.197352
