0 2.525831 0.200298 0.093550 0.231273
0 1.513991 0.186524 0.078264 0.218842
0 1.498786 0.317448 0.088209 0.251363
0 1.584601 0.356059 0.090086 0.261391
0 2.760114 0.497025 0.130731 0.302831
0 1.114930 0.400938 0.098344 0.269633
0 2.434188 1.185002 0.165802 0.456606
0 2.497323 0.928634 0.146736 0.397952
0 1.574689 0.632395 0.110019 0.330252
0 1.247376 0.761279 0.125780 0.359192
0 1.079934 0.772498 0.129525 0.359853
0 2.741577 1.004037 0.168044 0.418467
0 1.408527 0.189669 0.079381 0.219128
0 0.597755 0.822977 0.147761 0.365214
0 0.389770 0.777389 0.154198 0.353469
0 0.318604 0.722307 0.154089 0.340902
0 0.150104 0.728431 0.169402 0.344050
0 2.187257 0.103643 0.073533 0.203161
0 1.648541 0.113473 0.071591 0.201566
0 0.042436 0.696994 0.178550 0.339162
