0 2.474869 0.277286 0.095756 0.247209
0 1.326537 0.256916 0.085173 0.235342
0 1.214520 0.343710 0.092866 0.256211
0 1.749755 0.275645 0.082161 0.241770
0 2.518433 0.666557 0.126203 0.337317
0 0.857487 0.517099 0.112339 0.295586
0 2.566562 0.970767 0.153791 0.408125
0 2.636534 0.746967 0.139633 0.356987
0 1.311000 0.771173 0.125394 0.362123
0 2.738952 1.032089 0.170086 0.425094
0 0.905766 0.960135 0.150150 0.400564
0 0.777964 0.961275 0.154219 0.399100
0 2.525829 1.287976 0.177967 0.482527
0 1.580405 0.140039 0.074202 0.207725
0 0.153005 1.087488 0.201777 0.428433
0 0.093561 0.928802 0.193472 0.391408
