0 2.561170 0.140163 0.091852 0.219439
0 1.668440 0.116258 0.071598 0.202331
0 1.871543 0.322705 0.083539 0.253689
0 1.435324 0.449045 0.098795 0.284088
0 2.907796 0.365973 0.137323 0.280625
0 1.343266 0.303970 0.088652 0.247164
0 2.330257 1.466773 0.184086 0.521928
0 2.405715 1.154064 0.162102 0.449244
0 1.823328 0.522478 0.097650 0.303309
0 1.490909 0.616851 0.110487 0.326205
0 1.377465 0.619249 0.112533 0.326120
0 2.753040 0.743600 0.148320 0.358103
0 1.232578 0.242045 0.084784 0.231098
0 0.938545 0.626252 0.119811 0.323016
0 0.643369 0.648017 0.130044 0.324700
0 0.569045 0.602123 0.128945 0.313308
0 0.386873 0.611247 0.139486 0.315106
0 2.277441 0.144498 0.078859 0.213764
0 1.500984 0.167383 0.076942 0.214075
0 0.276797 0.582011 0.144978 0.309181
