0 2.196060 0.347963 0.090130 0.260605
0 1.250334 0.536614 0.107772 0.304594
0 1.554930 0.243873 0.082159 0.233222
0 2.442937 1.850729 0.206873 0.649830
0 2.385264 1.452155 0.184884 0.519809
0 1.991455 0.425535 0.091384 0.279167
0 1.691307 0.481252 0.097389 0.293033
0 1.570456 0.491806 0.100106 0.295400
0 2.790087 0.559673 0.138056 0.317537
0 1.046016 0.303773 0.091370 0.245075
0 1.213408 0.475276 0.103297 0.289014
0 0.816201 0.535495 0.114917 0.299598
0 0.757060 0.492911 0.112889 0.288769
0 0.629980 0.517327 0.119139 0.293667
0 2.394157 0.192142 0.086373 0.226519
0 1.335358 0.241948 0.083953 0.231675
0 0.539383 0.489294 0.120569 0.286753
0 2.671977 0.153195 0.100369 0.226247
0 1.620525 0.117226 0.072138 0.202348
