0 2.782895 0.429752 0.128178 0.288825
0 0.559790 0.761094 0.143645 0.350472
0 1.941589 0.106673 0.068631 0.201495
0 2.281801 0.271463 0.087348 0.243105
0 2.009916 0.285495 0.081775 0.244850
0 1.906939 0.297402 0.081606 0.247508
0 2.689368 0.306196 0.111683 0.259130
0 0.668891 0.475730 0.114206 0.284027
0 1.604976 0.243909 0.081642 0.233427
0 1.193446 0.370555 0.095173 0.262737
0 1.140108 0.333429 0.092728 0.253092
0 1.078005 0.369705 0.096219 0.261575
0 2.604839 0.328929 0.106928 0.261595
0 0.865275 0.392388 0.101784 0.265369
0 1.004717 0.355745 0.096094 0.257528
0 2.381229 0.286278 0.092011 0.247716
0 1.190580 0.273395 0.087569 0.238583
0 1.698948 0.140798 0.073078 0.208420
0 1.644263 0.231378 0.080292 0.230459
0 1.107732 1.652369 0.199461 0.553559
