0 0.778779 1.191038 0.175345 0.450161
0 1.854855 0.135231 0.070786 0.207797
0 1.759402 0.195049 0.076297 0.221911
0 2.077073 1.632901 0.186633 0.557077
0 1.536995 0.085217 0.070486 0.194228
0 0.821894 0.408814 0.104156 0.269019
0 0.903338 0.407645 0.102202 0.269389
0 1.024459 0.583616 0.114547 0.313738
0 2.349137 0.254979 0.088637 0.240080
0 0.791545 0.512741 0.113620 0.293858
0 1.134138 0.533350 0.108856 0.302641
0 1.286836 1.117581 0.152963 0.439141
0 1.448305 1.185577 0.152355 0.454320
0 0.964120 0.350435 0.096355 0.255908
0 2.745112 1.012771 0.169039 0.420620
0 0.527752 0.799266 0.148630 0.359100
0 0.412158 0.692384 0.145084 0.333808
0 1.680967 0.190607 0.076909 0.220530
0 2.561245 0.092079 0.088819 0.209289
