0 0.179644 1.486651 0.232906 0.535173
0 1.914662 0.119451 0.069336 0.204355
0 0.594808 0.502543 0.119266 0.290005
0 0.601577 0.521786 0.120628 0.294569
0 1.241531 0.450065 0.101000 0.282973
0 2.222106 0.335801 0.089975 0.257827
0 1.002620 0.411597 0.100641 0.271244
0 1.347473 0.410762 0.096847 0.273941
0 1.510331 0.888129 0.129438 0.390555
0 1.703032 0.937121 0.126905 0.401995
0 0.747152 0.449541 0.109530 0.278278
0 2.790916 1.306737 0.195191 0.495861
0 0.893223 0.639635 0.122014 0.325652
0 0.734316 0.535777 0.117205 0.298850
0 1.724486 0.126283 0.071741 0.205012
0 2.485762 0.144584 0.087772 0.218091
