0 0.928653 1.547863 0.199263 0.530089
0 2.664750 0.130769 0.098378 0.221303
0 2.193328 0.193835 0.079547 0.224080
0 1.009819 0.391094 0.098869 0.266263
0 2.701766 0.140340 0.101880 0.224836
0 0.778073 0.440800 0.107934 0.276403
0 2.711584 0.512874 0.127645 0.305070
0 2.596553 0.885685 0.148375 0.388652
0 1.392077 0.465846 0.100586 0.288039
0 2.395342 0.352312 0.097100 0.263142
0 2.700201 1.145575 0.176198 0.451631
0 0.484859 0.701407 0.141794 0.336080
0 2.767873 0.860175 0.158797 0.385250
0 0.319025 1.300486 0.207347 0.478528
0 1.934343 0.110223 0.068795 0.202288
0 2.012503 0.106227 0.069806 0.201922
