0 2.373166 1.007723 0.148372 0.415833
0 2.141356 1.681205 0.191694 0.572647
0 1.983309 0.164127 0.073094 0.215433
0 1.227592 0.321137 0.090981 0.250686
0 2.558789 1.684401 0.204203 0.596770
0 1.124152 0.659381 0.119361 0.333375
0 1.603047 0.288003 0.084897 0.244406
0 1.711792 0.286863 0.083472 0.244458
0 2.359869 0.241394 0.088159 0.237116
0 2.453770 0.241721 0.092355 0.238805
0 2.652946 1.054712 0.165814 0.428839
0 1.711916 1.552391 0.168784 0.531025
0 1.280008 0.205063 0.081556 0.222253
0 2.504064 0.154205 0.089378 0.220684
