0 0.902040 1.877539 0.221383 0.627737
0 1.747437 0.081305 0.068211 0.194300
0 1.802519 0.338985 0.085787 0.257627
0 1.080606 0.586820 0.113903 0.315189
0 1.229092 0.581195 0.111594 0.315411
0 1.988137 0.596398 0.104052 0.321119
0 2.096659 0.597135 0.106338 0.320923
0 1.875736 1.098420 0.140191 0.436937
0 0.594832 0.497492 0.118836 0.288816
0 2.109034 0.421445 0.093359 0.278161
0 2.735840 0.637325 0.138748 0.333581
0 1.766102 0.126788 0.071302 0.205327
0 2.441623 1.191904 0.166670 0.458283
0 2.850840 0.385975 0.132180 0.282197
0 2.864926 0.538552 0.144411 0.315261
