0 1.933115 0.253694 0.078580 0.236856
0 0.850092 0.712558 0.129494 0.342497
0 0.961638 0.717094 0.127127 0.345125
0 1.803479 0.775023 0.115005 0.364628
0 1.916802 0.785373 0.117111 0.366706
0 2.008127 0.988477 0.135584 0.412641
0 0.276788 0.650409 0.150938 0.324714
0 1.931902 0.547891 0.099342 0.309403
0 2.660714 0.794249 0.145059 0.368195
0 1.537601 0.315600 0.087658 0.251066
0 2.386414 0.915646 0.140959 0.394795
0 2.766409 0.488807 0.130728 0.301202
0 2.709950 0.700216 0.141372 0.347362
0 2.814000 0.601709 0.143512 0.327556
0 0.313281 0.843519 0.165553 0.368906
