0 2.069997 0.186791 0.076203 0.221391
0 0.562077 0.871459 0.153806 0.376102
0 0.694616 0.882164 0.149642 0.379988
0 1.551715 1.015334 0.136883 0.418902
0 1.692902 1.015338 0.132214 0.419225
0 2.103960 0.893694 0.130417 0.390844
0 1.722699 0.706441 0.111677 0.348406
0 2.580639 0.969810 0.154481 0.408027
0 1.321153 0.425474 0.098256 0.277445
0 2.464457 0.715554 0.127464 0.348470
0 2.693866 0.612345 0.133458 0.327069
0 2.474501 0.926472 0.145505 0.397375
0 2.697969 0.790670 0.147491 0.367911
0 0.572105 0.654334 0.133436 0.325592
0 2.797486 0.954626 0.168991 0.408017
