0 1.167540 0.364223 0.094911 0.260955
0 0.399481 0.651805 0.142250 0.324431
0 2.055340 0.877217 0.127795 0.387334
0 2.135920 0.939731 0.135117 0.401134
0 2.437744 1.134191 0.161672 0.444922
0 1.847038 0.830269 0.118870 0.377431
0 1.333548 0.252721 0.084795 0.234339
0 2.575915 1.144477 0.168805 0.448909
0 1.294021 0.278381 0.087095 0.240484
0 0.745128 0.538616 0.117128 0.299633
0 0.841887 0.827117 0.139989 0.369278
0 2.800922 0.499805 0.134859 0.304667
0 1.921414 0.117338 0.069197 0.203895
0 1.275845 0.225744 0.083180 0.227328
