0 1.181148 0.356998 0.094216 0.259264
0 1.756989 0.965236 0.128328 0.408219
0 1.877278 1.035577 0.135416 0.423417
0 2.271352 1.371584 0.175077 0.497686
0 1.859271 0.821070 0.118477 0.375256
0 1.158187 0.327666 0.092108 0.251800
0 2.425376 1.386400 0.181505 0.504391
0 0.970913 0.364399 0.097352 0.259380
0 0.979730 0.401256 0.100164 0.268494
0 1.109906 0.649284 0.118716 0.330759
0 2.713841 0.392396 0.119461 0.278517
0 1.812752 0.173792 0.074089 0.216928
0 1.099352 0.307327 0.091055 0.246333
0 0.417220 1.549859 0.221641 0.543688
0 2.312759 1.753933 0.200337 0.604091
0 2.814440 0.480515 0.134880 0.300892
0 2.413512 1.845441 0.206083 0.645009
