0 1.188242 0.364374 0.094731 0.261158
0 0.979551 1.124145 0.162536 0.437489
0 1.096763 1.214238 0.166458 0.457683
0 1.840593 0.825840 0.118427 0.376423
0 0.257083 0.639816 0.151634 0.322495
0 1.435792 0.201060 0.080025 0.222070
0 1.577607 0.414301 0.094411 0.275992
0 2.634516 0.222569 0.102045 0.239422
0 1.489076 0.360543 0.091533 0.262133
0 0.608990 0.502874 0.118720 0.290142
0 0.996402 0.945855 0.146427 0.398602
0 2.511848 1.313500 0.179347 0.488478
0 2.679657 1.366083 0.191408 0.507362
0 1.246572 0.222383 0.083153 0.226331
0 0.665328 0.584883 0.123691 0.309944
0 2.767596 0.504834 0.131964 0.304769
0 0.593074 0.544913 0.122958 0.299978
0 2.904484 0.394373 0.138905 0.286336
0 0.112873 1.043683 0.201836 0.418550
