0 1.501973 0.225092 0.081263 0.228331
0 1.822741 0.821301 0.118167 0.375417
0 1.937405 0.153461 0.071708 0.212616
0 0.674131 0.834121 0.145894 0.368645
0 1.591443 0.471151 0.098305 0.290295
0 0.422766 0.521884 0.129539 0.294434
0 1.299954 0.254245 0.085183 0.234522
0 2.294512 1.069058 0.150913 0.429675
0 2.703380 0.633762 0.135809 0.332111
0 0.893879 0.475176 0.107986 0.285767
0 0.925909 0.416926 0.102494 0.271852
0 0.616019 0.635324 0.129950 0.321461
0 1.828234 0.215134 0.076800 0.227078
0 0.402216 0.746567 0.150598 0.346341
0 0.134955 0.771544 0.174817 0.354137
