0 1.642127 0.148012 0.074200 0.209937
0 1.870502 0.821184 0.118761 0.375247
0 1.992139 0.090463 0.068419 0.198056
0 0.256266 1.090584 0.192961 0.427497
0 1.756801 0.371209 0.088733 0.265595
0 0.054833 0.682484 0.175791 0.335606
0 1.461948 0.183335 0.078469 0.217820
0 2.103102 1.339277 0.166881 0.488473
0 2.812320 0.563370 0.140558 0.319005
0 1.143464 0.376220 0.096091 0.263739
0 1.163827 0.318280 0.091319 0.249512
0 0.842140 0.501458 0.111383 0.291631
0 1.679593 0.303102 0.085055 0.248419
0 0.650677 0.587826 0.124467 0.310517
0 0.460807 0.575198 0.131911 0.306680
0 0.132887 0.939610 0.190284 0.393227
0 1.896398 1.846682 0.191594 0.613923
0 0.988416 1.876080 0.217713 0.623516
