0 1.737890 0.082441 0.068398 0.194523
0 1.859337 0.822380 0.118577 0.375561
0 1.889582 0.282977 0.080614 0.243919
0 1.593067 0.116307 0.072322 0.202005
0 1.747524 1.692320 0.178283 0.564686
0 2.896054 0.469259 0.143142 0.301628
0 1.368120 0.283292 0.086852 0.242147
0 1.341230 0.225625 0.082656 0.227663
0 1.062967 0.400566 0.098872 0.269073
0 1.498816 0.411498 0.095217 0.274980
0 0.890762 0.466844 0.107359 0.283706
0 0.752287 0.419670 0.106903 0.271152
0 0.534257 0.698034 0.139055 0.335562
0 2.286032 1.340884 0.173180 0.490800
0 1.518006 1.354190 0.160981 0.488695
0 0.198894 1.036660 0.192847 0.415302
