0 2.507845 0.380927 0.104508 0.271272
0 0.930751 0.645238 0.121623 0.327494
0 1.774144 0.164817 0.073944 0.214584
0 2.636716 1.895096 0.225400 0.688877
0 2.131039 0.337166 0.087794 0.257758
0 1.856981 0.380425 0.087659 0.267994
0 1.752187 0.387292 0.089914 0.269609
0 2.816326 0.425195 0.131223 0.289080
0 0.855593 0.381723 0.101136 0.262711
0 1.447366 0.352923 0.091406 0.260016
0 1.012319 0.441548 0.102937 0.278713
0 0.940680 0.400138 0.100825 0.267877
0 0.855256 0.439698 0.105906 0.276770
0 2.496401 0.263430 0.095986 0.244538
0 1.114492 0.307807 0.090947 0.246561
0 0.791267 0.413687 0.105338 0.269973
0 2.505752 0.206056 0.092777 0.232028
0 1.457602 0.199334 0.079713 0.221748
