0 2.597237 0.172322 0.096227 0.227475
0 2.210348 0.142443 0.076664 0.212361
0 2.141598 0.157137 0.075823 0.214998
0 2.557015 0.138504 0.091489 0.218948
0 0.162960 0.716736 0.167067 0.341184
0 1.880373 0.090037 0.067281 0.197148
0 1.534898 0.247355 0.082616 0.234005
0 1.495138 0.220298 0.080966 0.227111
0 1.454780 0.255540 0.083981 0.235683
0 2.682218 0.478724 0.122861 0.296748
0 0.459189 0.665507 0.139944 0.327645
0 1.383113 0.251727 0.084311 0.234367
0 2.142300 0.528756 0.102100 0.304231
0 0.704217 0.491803 0.114387 0.288084
0 1.240179 0.276197 0.087370 0.239600
0 1.943232 0.905821 0.127189 0.394395
0 2.819223 0.690708 0.150644 0.347644
0 2.858818 0.514310 0.142002 0.309767
