0 2.868630 0.088159 0.113644 0.223247
0 1.736005 0.141423 0.072711 0.208734
0 1.678688 0.110327 0.071059 0.200942
0 1.697933 0.150575 0.073803 0.210797
0 2.731595 0.684568 0.141942 0.344208
0 1.626055 0.153220 0.074745 0.211141
0 1.901013 0.912364 0.126572 0.396044
0 0.027932 0.861553 0.195005 0.377091
0 0.682604 0.485702 0.114580 0.286481
0 2.522276 0.534995 0.116333 0.306848
0 2.428875 1.019206 0.151500 0.418541
0 2.559737 0.826593 0.141375 0.374680
0 0.622636 0.613226 0.127738 0.316298
0 1.387211 0.201091 0.080419 0.221839
0 1.346218 0.193020 0.080123 0.219639
