0 2.740505 0.132844 0.104606 0.225044
0 2.294930 0.089254 0.075948 0.201605
0 2.203024 0.097310 0.073564 0.201933
0 1.648759 0.190417 0.077248 0.220359
0 1.587070 0.160220 0.075638 0.212689
0 1.608691 0.205216 0.078755 0.223852
0 2.707214 0.578041 0.131991 0.319586
0 0.162524 0.845517 0.178714 0.370747
0 1.508210 0.211506 0.080189 0.224991
0 1.998791 0.692631 0.111698 0.344341
0 0.412037 0.660670 0.142258 0.326470
0 0.969005 0.371586 0.097964 0.261125
0 2.251697 0.692634 0.117825 0.343234
0 2.724079 0.865952 0.155486 0.385750
0 2.786803 0.664738 0.145466 0.340952
0 0.901444 0.488238 0.108912 0.289030
0 1.563532 0.121992 0.073008 0.203253
0 1.522263 0.120630 0.073258 0.202738
