0 0.321841 1.102476 0.189150 0.429633
0 1.727595 0.262766 0.081545 0.238512
0 1.234057 0.962298 0.142167 0.405100
0 1.708880 0.217418 0.078528 0.227233
0 1.625024 0.276737 0.083820 0.241672
0 2.256866 1.312206 0.169934 0.483884
0 1.465583 0.157525 0.076494 0.211494
0 1.044134 0.331211 0.093572 0.251806
0 1.173199 0.298155 0.089655 0.244592
0 0.355505 0.657034 0.145617 0.325741
0 0.739033 0.728673 0.134081 0.344823
0 2.459555 0.180063 0.088664 0.225192
0 0.512702 0.628534 0.133872 0.319211
0 0.788387 0.675005 0.127820 0.332747
0 0.929572 1.396494 0.187359 0.495522
0 1.085773 1.499912 0.189458 0.517912
0 1.148183 0.263982 0.087203 0.235983
0 2.786944 0.786284 0.154762 0.368608
0 0.147009 1.023220 0.196506 0.412922
0 0.049415 0.857668 0.192073 0.375680
