0 2.061833 1.269756 0.159994 0.473262
0 2.078537 0.098385 0.070592 0.200689
0 1.447573 0.226615 0.081858 0.228455
0 1.389993 0.541313 0.106373 0.306864
0 1.478142 0.381834 0.093247 0.267430
0 1.575260 0.365391 0.090883 0.263700
0 2.288434 0.346206 0.092700 0.260719
0 2.374958 0.346517 0.095859 0.261569
0 2.841991 0.809943 0.162067 0.375398
0 1.750026 1.376600 0.156695 0.494253
0 1.125508 0.280023 0.088663 0.239784
0 2.421199 0.252525 0.091511 0.240634
0 2.894566 0.417789 0.139355 0.290756
0 1.990620 0.086645 0.068145 0.197150
