0 2.148691 0.127262 0.074055 0.208127
0 0.194257 1.072320 0.196542 0.423983
0 0.345938 1.093137 0.186623 0.427209
0 1.273364 1.301406 0.167475 0.476844
0 1.412758 1.327310 0.163791 0.482814
0 2.151448 0.823129 0.125816 0.374339
0 1.480706 0.915827 0.132219 0.396677
0 2.483013 1.151384 0.165000 0.449314
0 1.077044 0.570133 0.112562 0.311059
0 2.606423 0.577777 0.124581 0.317733
0 2.612381 0.754356 0.138638 0.358419
0 2.380005 1.239323 0.168259 0.468575
0 2.510798 1.024180 0.155497 0.420075
0 0.789066 0.501413 0.112725 0.291102
0 2.731194 1.175068 0.180809 0.459714
