0 1.192221 0.367023 0.094905 0.261848
0 1.414742 1.038607 0.142997 0.423255
0 1.546400 1.167502 0.147272 0.451052
0 2.058650 1.689875 0.189363 0.571997
0 1.870650 0.828225 0.119303 0.376881
0 2.252091 1.712545 0.196736 0.587139
0 0.630092 0.487472 0.116600 0.286603
0 1.232434 0.304291 0.089623 0.246527
0 1.340395 0.516911 0.105139 0.300441
0 2.630135 0.294763 0.106433 0.254767
0 1.661205 0.262918 0.082391 0.238348
0 0.865593 0.385120 0.101186 0.263608
0 0.760299 1.198378 0.176689 0.451666
0 2.457067 1.491499 0.190063 0.532583
0 2.770732 0.375056 0.123314 0.276703
0 2.627723 1.579527 0.201820 0.566794
0 1.432850 0.143213 0.075672 0.207839
0 0.334855 0.748476 0.155270 0.346864
0 2.865362 0.398689 0.134647 0.285481
0 0.891605 0.414688 0.103030 0.271005
