0 1.188052 0.364613 0.094752 0.261214
0 0.513917 1.173042 0.184534 0.445312
0 0.602446 1.298388 0.191992 0.474248
0 1.868233 0.826156 0.119084 0.376409
0 1.560737 0.124302 0.073205 0.203803
0 1.738233 0.318362 0.085334 0.252370
0 2.711824 0.163013 0.104167 0.229936
0 1.274273 0.493633 0.104092 0.294116
0 0.309269 0.623141 0.145994 0.318231
0 1.228591 0.746969 0.124956 0.355616
0 2.617532 1.129267 0.169805 0.445975
0 2.738639 1.169564 0.180953 0.458553
0 0.995871 0.305101 0.092186 0.245055
0 0.889847 0.449280 0.105922 0.279417
0 2.612898 0.639864 0.129702 0.332056
0 0.276732 0.684740 0.153977 0.332552
0 2.823348 0.482273 0.135928 0.301577
0 0.454270 0.806306 0.153037 0.360313
0 0.384732 0.704659 0.147911 0.336652
