0 1.332637 0.306982 0.088977 0.247852
0 0.051143 1.214859 0.223611 0.463477
0 0.084989 1.374608 0.233109 0.506213
0 1.864898 0.825678 0.118966 0.376309
0 1.875827 0.231035 0.077205 0.231133
0 2.835091 0.100212 0.111077 0.223564
0 1.009485 0.648495 0.120305 0.329311
0 1.419829 0.595045 0.110014 0.320361
0 2.786266 0.986023 0.170453 0.415191
0 2.880641 1.004498 0.181341 0.422239
0 0.745931 0.398273 0.105325 0.265992
0 1.118548 0.344687 0.093823 0.255714
0 2.425470 0.824462 0.134759 0.373744
0 2.750128 0.590138 0.136506 0.323283
0 0.687355 0.616171 0.125683 0.317583
0 0.664027 0.543571 0.120152 0.300117
0 0.334813 0.794181 0.159444 0.357416
0 1.971433 0.133871 0.070897 0.208148
0 0.080083 0.932562 0.195306 0.392573
